<histogram> 5 "ptZ |X_AXIS@LIN |Y_AXIS@LOG |TYPE@#1"
  +0.0000000e+00   +1.0000000e+02   +2.0266479e+00   +1.0560374e-02  +2.0266479e+00   +1.8171820e+00   +2.2418007e+00   +2.0266479e+00   +1.8630355e+00   +2.2226174e+00   +1.9770332e+00   +1.8171820e+\
00   +2.1685538e+00   +2.0445773e+00   +1.8798537e+00   +2.2418007e+00
  +1.0000000e+02   +2.0000000e+02   +2.5942296e+00   +9.0980657e-03  +2.5942296e+00   +2.3157625e+00   +2.8879829e+00   +2.5942296e+00   +2.3868765e+00   +2.8420469e+00   +2.5171677e+00   +2.3157625e+\
00   +2.7579236e+00   +2.6365358e+00   +2.4260904e+00   +2.8879829e+00
  +2.0000000e+02   +3.0000000e+02   +1.8703476e+00   +8.6906866e-03  +1.8703476e+00   +1.6525096e+00   +2.1108975e+00   +1.8703476e+00   +1.7239073e+00   +2.0446283e+00   +1.7929824e+00   +1.6525096e+\
00   +1.9601808e+00   +1.9311241e+00   +1.7800463e+00   +2.1108975e+00
  +3.0000000e+02   +4.0000000e+02   +1.2144426e+00   +7.0679575e-03  +1.2144426e+00   +1.0619553e+00   +1.3882881e+00   +1.2144426e+00   +1.1213703e+00   +1.3247469e+00   +1.1501347e+00   +1.0619553e+\
00   +1.2546479e+00   +1.2727543e+00   +1.1752613e+00   +1.3882881e+00
  +4.0000000e+02   +5.0000000e+02   +7.8479704e-01   +6.9237128e-03  +7.8479704e-01   +6.7941620e-01   +9.0787774e-01   +7.8479704e-01   +7.2581403e-01   +8.5444377e-01   +7.3464565e-01   +6.7941620e-\
01   +7.9986361e-01   +8.3390257e-01   +7.7125034e-01   +9.0787774e-01
<\histogram>
